##TITLE= Parameter file, TopSpin 4.4.0
##JCAMPDX= 5.0
##DATATYPE= Parameter Values
##NPOINTS= 1	$$ modification sequence number
##ORIGIN= Bruker BioSpin GmbH & Co. KG
##OWNER= NMR_User
$$ 2024-08-15 11:56:39.112 -0400  NMR_User@FS3C52825A8044
$$ C:\Bruker\TopSpin_data\cag620\OMePAIMe NOESY neg30/OMePAIMe_cis NOESY/4/pdata/1/clevels
$$ process C:\Bruker\TopSpin4.4.0\prog\mod\edparproc.exe
##$LEVELS= (0..255)
-1371542597947.43 -761968109970.795 -423315616650.441 -235175342583.579
-130652968101.988 -72584982278.8823 -40324990154.9346 -22402772308.297
-12445984615.7206 -6914435897.62253 -3841353276.45696 -2134085153.5872
-1185602863.104 -658668257.28 -365926809.6 -203292672 203292672 365926809.6
658668257.28 1185602863.104 2134085153.5872 3841353276.45696 6914435897.62253
12445984615.7206 22402772308.297 40324990154.9346 72584982278.8823 130652968101.988
235175342583.579 423315616650.441 761968109970.795 1371542597947.43 0 0
0 0 0 0 0 0 0 0 0 0 0 0 0 0 0 0 0 0 0 0 0 0 0 0 0 0 0 0 0 0 0 0 0 0 0 0
0 0 0 0 0 0 0 0 0 0 0 0 0 0 0 0 0 0 0 0 0 0 0 0 0 0 0 0 0 0 0 0 0 0 0 0
0 0 0 0 0 0 0 0 0 0 0 0 0 0 0 0 0 0 0 0 0 0 0 0 0 0 0 0 0 0 0 0 0 0 0 0
0 0 0 0 0 0 0 0 0 0 0 0 0 0 0 0 0 0 0 0 0 0 0 0 0 0 0 0 0 0 0 0 0 0 0 0
0 0 0 0 0 0 0 0 0 0 0 0 0 0 0 0 0 0 0 0 0 0 0 0 0 0 0 0 0 0 0 0 0 0 0 0
0 0 0 0 0 0 0 0 0 0 0 0 0 0 0 0 0 0 0 0 0 0 0 0 0 0 0 0 0 0 0 0 0 0 0 0
0 0 0 0 0 0
##$LEVSIGN= 3
##$MAXLEV= 16
##$METHOD= 0
##$NEGBASE= -203292672
##$NEGINCR= 1.8
##$POSBASE= 203292672
##$POSINCR= 1.8
##END=
